# Created by Octave 3.8.1, Thu Mar 26 15:57:28 2015 IST <shubham@shubh>
# name: y
# type: matrix
# rows: 1000
# columns: 1
 19.19654900085793
 21.27555702951629
 14.99026047744356
 12.85111975255787
 21.85888930107523
 19.9929549556562
 19.525830794138
 19.87062045074017
 17.71191292341801
 14.09669127635925
 16.03748896766411
 11.78699978905356
 7.961751490450586
 19.7601042301991
 15.67449635647831
 16.0626152172348
 14.54933004916885
 17.11937708267443
 14.72473429246701
 17.92157256580994
 10.88112989191746
 15.57311208035691
 12.30730140503553
 19.65746710013045
 17.5065106605012
 16.34572579589309
 14.67915270548454
 17.96715113762226
 19.64967043161298
 14.60425072145575
 16.72522388499878
 22.75718989926873
 13.16272812998841
 13.70887429088127
 15.5578781062194
 13.78523317461809
 14.21280617055093
 22.70116676573906
 12.87160932369512
 6.789707348325424
 13.99434689553683
 14.52080324137832
 13.97250233659815
 13.52579405066278
 13.77207134595243
 6.853579629523693
 18.11100803631523
 14.03476164800877
 20.93386045905844
 16.12895769603076
 16.50344388460711
 14.71092775934845
 8.396025779882219
 13.36701897884761
 15.1749757398509
 16.79200580960629
 17.31086302288491
 23.85336319165708
 14.24458289580126
 17.45726561589614
 10.27431731293025
 13.77108085191847
 18.73894045621353
 16.81054939393221
 15.58586248396154
 17.73009466537302
 10.86982893399142
 19.61171141790442
 12.90539282138849
 15.32985021124316
 11.01996666186986
 10.57062074712523
 14.40044489318656
 19.33086677799772
 11.08028545908345
 15.2183467264633
 13.26547648214262
 19.88569651868155
 15.45730829381226
 16.71392655792226
 15.74918818378423
 16.20331119872627
 15.41336036678955
 11.21153356220599
 15.67411921665949
 7.658427387992672
 14.47053407254188
 16.03557020361295
 18.59295582277202
 15.24886764681021
 14.20743932534668
 15.65669936897612
 14.43480238081002
 18.12977460012952
 19.81513326517876
 15.45165967281634
 17.49393001956012
 17.36669990638168
 18.23643457210039
 11.66559609405765
 13.94576317733003
 11.70012619508451
 16.16722326814511
 17.48592941329756
 15.55623869252779
 19.15398252394754
 16.93157210358782
 12.72708329391123
 17.07445993280518
 18.60470717515085
 19.20682745173443
 12.62784158679678
 19.29674674379623
 12.64826550079832
 17.30183140906392
 15.36355956630037
 10.57791802726443
 21.71982308400028
 17.44872068356446
 17.34553259963949
 11.68948756922164
 16.45698575725553
 22.7359805471843
 17.03263199617013
 17.21950330503586
 16.80738218391483
 11.8249406723734
 18.67851482209413
 13.24936217742441
 13.19628775809652
 9.175758361119867
 10.34799134926732
 18.73720971862896
 21.40558737775135
 22.38298039565398
 16.35155722364258
 14.18404900169195
 7.404729613066354
 10.25540559968602
 18.24746667051966
 13.15597568306624
 8.435131112037697
 15.98781831483902
 12.97567069920652
 12.13665716147139
 15.56141878297817
 9.889861648276357
 13.56629718490454
 16.62815631932373
 15.12108730276944
 13.04612029292903
 17.00415166630242
 11.60619386847137
 21.14488921583664
 14.65767434256252
 17.50947749761333
 15.78306033207467
 14.60530350150186
 14.73852955873821
 17.85924719522695
 16.82265124771479
 12.10506390282075
 12.19444480361043
 16.459091965396
 18.21974590026503
 14.16514241818977
 14.43731831100179
 13.76335861335133
 14.07498581481763
 15.76058969547444
 13.41324045337669
 9.113192812644805
 11.1522382754615
 19.24176560702937
 18.6482915091069
 17.77530284410637
 17.7866710448909
 15.76906187147494
 14.30249931773864
 19.61067061420167
 16.79573331244045
 16.85324833428468
 9.39143695590845
 20.97508452661746
 13.68424145906937
 13.33065088139904
 6.409646582055503
 20.88092796227421
 9.491151316851404
 14.19961292951336
 17.22885029634336
 18.75960223560142
 13.78381018366441
 12.67798599117647
 17.2697247619262
 13.0103447326988
 10.15238652996208
 12.04282593595648
 10.38218823473278
 15.44476490843151
 20.20924813217981
 17.50950567479493
 10.66585480940262
 15.18734869457921
 13.7738338879816
 14.29298145281471
 18.15218814749357
 17.81580931651312
 17.49764119424594
 7.937256784347973
 12.09998395428438
 17.31850535779061
 17.8525327063135
 20.31069690688476
 16.59327210182046
 18.88912376331144
 18.15237154767802
 9.834406086683526
 12.81736069158877
 16.5554858266486
 18.90971755216151
 19.14648825111582
 18.30744670062568
 15.01506820844966
 16.59949309225561
 19.48442208421456
 14.76480293592921
 14.76755565678497
 12.79848739735383
 16.55584914391986
 9.646959803803115
 15.41492561794345
 14.54940934186714
 12.14077729443784
 14.62100240381787
 14.31733518238859
 11.19104398362741
 11.55525272637963
 16.85333518418573
 16.80596015419531
 11.1004070980776
 16.83142673334984
 16.16203322739062
 13.40203395561006
 13.21482508050596
 13.96515392470041
 16.73211871536459
 12.67774206801532
 15.63485743243268
 13.50926338077317
 20.21480837160911
 15.58536033347715
 16.07708553534945
 13.35137557390405
 19.3007280224987
 14.34119742445903
 10.80482105576102
 14.16542111080149
 15.70248255871172
 21.31596082966052
 10.3015962195381
 12.96569434322698
 15.20891778031465
 16.35068826280281
 13.58521112485082
 14.07399965999411
 14.13525108514258
 18.58373959646022
 16.80671107997748
 16.78106557206625
 21.50585183424507
 8.784703591389739
 14.57916415548705
 13.80066714442175
 15.03727469139643
 14.57277816632356
 5.138649346638131
 13.84979979709951
 12.94316681536133
 16.11025213098281
 17.16685256841147
 16.65611355535765
 10.67004520922074
 14.69908659457855
 15.84116380603644
 17.29306745851094
 11.47316602305837
 13.06903651924168
 13.47558012288248
 11.00275319810178
 13.19867869173582
 15.64695107976277
 14.95975454597434
 12.41101590863473
 17.54577402115688
 16.47925544281501
 15.05488004237208
 9.362287003644035
 10.42781171323374
 11.55280508555825
 11.36141169645681
 12.78391822460975
 14.08235142676026
 13.48433352711576
 13.90104082062474
 14.84040749427612
 23.12223652803339
 13.8052635676285
 13.98597540800881
 14.61752268214853
 19.13393321362972
 13.59667675287734
 11.77429130005989
 20.75868999825579
 11.19321647231884
 20.67085978201366
 12.04360528310014
 18.99196281234837
 11.48766077691062
 14.84584598051254
 15.57134684672221
 16.78036616834865
 6.824741429416504
 13.58619437668146
 20.26901739635533
 14.75013422196808
 12.72675797714138
 11.36172192851341
 16.77362071049743
 11.65122601002751
 16.8587561326735
 14.42999053054866
 11.11660217294839
 19.17831699291012
 11.57415111202842
 11.2784890393992
 17.75691528237369
 15.75680352021076
 17.37887292604194
 15.16642793892726
 10.57038882145809
 18.05272950231611
 17.56641774289365
 11.33435892714557
 13.60298414858654
 15.11745808536982
 13.96429591616738
 10.12246256452706
 11.56044793093717
 15.1533173249391
 10.21208083268245
 16.77078426807426
 17.77115779474151
 14.04207367321133
 13.74696346359565
 7.205404525959352
 14.02274027354562
 10.57144718729499
 9.090053765957235
 11.53339137491542
 20.75610578756505
 18.27862822470689
 16.39613935019477
 20.49515326725513
 14.84346260138446
 13.55473350132686
 10.83615527842949
 20.15967576899798
 11.9109892802753
 22.2504810207402
 12.99316042124228
 14.43563904502798
 16.53785619872136
 16.31596951016446
 15.64290035089008
 18.14958666860497
 16.93673187007522
 16.81337017446725
 19.9675422690928
 13.25793406625955
 11.5763769082056
 11.78591023160979
 9.462255038619777
 23.96267308385706
 16.04094575651386
 14.0063247707878
 22.96937739283341
 17.5485047349841
 14.02663349240672
 13.71069191144661
 19.19610850357911
 15.26330335532636
 15.00468909425448
 9.071930438966032
 14.35284762640265
 10.75088327690359
 15.93544556786326
 13.20747216192095
 13.45498341017967
 15.55852826835033
 15.70402273891754
 12.07477196606114
 11.27852529988943
 23.42089195166057
 11.55949013240549
 15.09334709598113
 12.97998435450258
 17.23190419657007
 11.4714234203411
 16.4680248393245
 19.48361148661798
 16.30079672137477
 16.79869513371373
 15.86409941857215
 12.88506251348714
 20.37904698744241
