# Created by Octave 3.8.1, Thu Mar 26 15:53:38 2015 IST <shubham@shubh>
# name: y
# type: matrix
# rows: 1000
# columns: 1
 15
 13
 10
 16
 18
 11
 14
 22
 12
 21
 20
 29
 21
 20
 7
 15
 13
 12
 16
 18
 9
 20
 15
 16
 16
 12
 25
 17
 18
 11
 14
 11
 17
 24
 22
 12
 13
 17
 12
 16
 17
 16
 13
 12
 18
 9
 8
 13
 14
 17
 18
 10
 7
 23
 14
 16
 12
 10
 13
 16
 14
 17
 15
 14
 9
 15
 9
 26
 15
 20
 22
 20
 15
 19
 16
 16
 18
 16
 9
 15
 13
 18
 19
 13
 11
 16
 20
 18
 15
 15
 12
 17
 13
 16
 18
 12
 9
 14
 12
 15
 19
 16
 13
 18
 22
 19
 13
 15
 19
 15
 15
 11
 12
 17
 15
 15
 18
 15
 14
 17
 18
 14
 11
 20
 13
 14
 14
 24
 16
 14
 10
 13
 20
 11
 14
 16
 21
 11
 13
 12
 11
 13
 14
 17
 9
 13
 12
 17
 11
 21
 17
 12
 13
 15
 21
 23
 10
 18
 17
 14
 14
 21
 14
 14
 13
 13
 17
 25
 13
 11
 8
 18
 11
 14
 18
 22
 16
 17
 20
 20
 13
 23
 10
 10
 14
 10
 16
 16
 12
 23
 15
 21
 13
 16
 14
 14
 16
 9
 14
 22
 11
 22
 17
 14
 14
 10
 19
 13
 16
 17
 15
 7
 16
 23
 19
 17
 11
 12
 18
 18
 11
 11
 10
 17
 14
 16
 13
 15
 17
 18
 11
 15
 13
 21
 16
 21
 10
 14
 14
 11
 18
 11
 13
 24
 16
 18
 12
 17
 13
 19
 16
 8
 16
 18
 21
 15
 17
 12
 11
 15
 14
 14
 18
 10
 17
 21
 20
 16
 11
 10
 17
 20
 14
 16
 14
 12
 14
 8
 17
 18
 21
 15
 11
 15
 13
 20
 14
 17
 9
 16
 8
 14
 15
 14
 16
 12
 15
 19
 17
 14
 17
 12
 15
 8
 6
 20
 20
 12
 15
 21
 13
 16
 12
 12
 10
 18
 18
 13
 17
 13
 11
 17
 19
 11
 11
 19
 10
 13
 10
 17
 17
 11
 15
 12
 14
 15
 20
 15
 14
 21
 19
 14
 15
 21
 11
 14
 11
 18
 14
 9
 14
 22
 16
 11
 9
 8
 12
 10
 17
 15
 10
 22
 12
 16
 15
 11
 22
 10
 16
 15
 20
 12
 13
 16
 27
 16
 14
 12
 10
 17
 10
 13
 12
 16
 16
 23
 11
 14
 19
 17
 14
 10
 10
 11
 10
 16
 10
 11
 16
 14
 14
 13
 10
 11
 12
 19
 16
 13
 15
 18
 17
 15
 19
 10
 14
 16
 12
 16
 10
 14
 13
 26
 17
 16
 16
 16
 8
 16
 14
 12
 15
 16
 13
 12
 13
 22
 22
 18
 15
 18
 21
 16
 12
 13
 8
 15
 15
 22
 15
 17
 15
 15
 19
 24
 13
 17
 20
 23
 14
 15
 16
 14
 19
 12
 12
 10
 16
 11
 22
 13
 16
 11
 13
 11
 18
 14
 18
 15
 19
 20
 18
 10
 11
 12
 9
 18
 8
 25
 16
 7
 14
 11
 14
 13
 12
 15
 14
 16
 13
 11
 18
 15
 10
 12
 17
 14
 18
 13
 14
 17
 9
 19
 14
 11
 22
 21
 9
 11
 12
 19
 19
 15
 15
 13
 14
 11
 18
 20
 12
 12
 16
 12
 20
 16
 18
 8
 10
 12
 14
 14
 18
 10
 14
 21
 12
 14
 12
 10
 20
 10
 11
 22
 13
 19
 21
 17
 18
 22
 12
 15
 11
 11
 15
 13
 12
 8
 20
 15
 19
 14
 22
 19
 12
 14
 16
 11
 23
 14
 14
 12
 13
 14
 16
 18
 14
 13
 10
 13
 13
 20
 11
 18
 16
 9
 15
 19
 20
 17
 13
 16
 10
 15
 14
 17
 14
 13
 18
 13
 16
 24
 12
 12
 13
 16
 14
 14
 13
 15
 18
 17
 13
 15
 13
 13
 17
 15
 15
 13
 11
 15
 12
 15
 7
 19
 15
 13
 16
 18
 21
 19
 14
 17
 15
 10
 22
 15
 15
 16
 25
 16
 14
 14
 18
 10
 3
 18
 14
 16
 14
 18
 16
 20
 20
 17
 17
 13
 15
 17
 17
 15
 17
 17
 15
 20
 11
 9
 13
 15
 17
 18
 20
 25
 6
 10
 13
 18
 12
 20
 20
 24
 12
 19
 14
 14
 9
 12
 15
 15
 18
 6
 17
 18
 11
 16
 20
 15
 14
 20
 12
 20
 12
 15
 10
 21
 20
 18
 17
 17
 21
 16
 17
 14
 14
 12
 16
 11
 21
 13
 15
 8
 17
 17
 13
 12
 21
 13
 11
 18
 16
 18
 12
 11
 22
 15
 14
 22
 14
 10
 16
 11
 18
 15
 8
 26
 12
 20
 19
 11
 16
 11
 9
 10
 11
 14
 14
 8
 14
 12
 15
 12
 15
 14
 15
 21
 11
 10
 15
 16
 11
 19
 20
 20
 21
 19
 14
 19
 20
 16
 13
 8
 11
 17
 13
 11
 13
 13
 15
 17
 16
 13
 13
 18
 22
 17
 14
 19
 10
 11
 25
 15
 14
 19
 16
 14
 19
 10
 21
 16
 19
 17
 16
 16
 16
 11
 14
 22
 17
 15
 18
 14
 22
 14
 14
 14
 13
 15
 15
 15
 20
 14
 14
 10
 15
 15
 18
 12
 17
 14
 15
 19
 14
 14
 21
 11
 16
 9
 14
 14
 12
 20
 9
 24
 12
 7
 10
 14
 16
 17
 16
 13
 9
 16
 16
 19
 12
 12
 18
 16
 16
 8
 19
 10
 20
 11
 12
 16
 14
 20
 11
 13
 12
 11
 18
 20
 18
 12
 17
 22
 7
 12
 10
 18
 13
 12
 11
 12
 17
 17
 16
 16
 14
 17
 14
 13
 14
 14
 11
 14
 12
 13
 14
 22
 11
 12
 10
 16
 15
 25
 17
 12
 8
 23
 14
 14
 28
 11
 16
 14
 21
 16
 10
 12
 11
 12
 13
 18
 16
 17
 19
 17
 15
 12
 14
 18
 15
 15
 19
 20
 13
 15
 15
 11
 18
 10
 14
 22
 9
 14
 8
 31
 13
 12
 21
 19
 8
 23
 16
 18
 16
 12
 16
 18
 16
 18
 18
 14
 20
 7
 13
 18
 22
 16
 12
 18
 11
 12
 9
 15
 17
 15


