# Created by Octave 3.8.1, Wed Mar 25 16:09:07 2015 IST <shubham@shubh>
# name: x
# type: matrix
# rows: 51
# columns: 2
 0 0
 1 0
 2 0
 3 0
 4 0
 5 0
 6 0
 7 2
 8 15
 9 22
 10 40
 11 52
 12 87
 13 101
 14 131
 15 118
 16 114
 17 84
 18 91
 19 60
 20 32
 21 18
 22 14
 23 12
 24 4
 25 0
 26 0
 27 3
 28 0
 29 0
 30 0
 31 0
 32 0
 33 0
 34 0
 35 0
 36 0
 37 0
 38 0
 39 0
 40 0
 41 0
 42 0
 43 0
 44 0
 45 0
 46 0
 47 0
 48 0
 49 0
 50 0


