# Created by Octave 3.8.1, Thu Mar 26 14:30:10 2015 IST <shubham@shubh>
# name: x
# type: matrix
# rows: 51
# columns: 2
 0 0
 1 0
 2 1
 3 6
 4 16
 5 65
 6 181
 7 501
 8 1132
 9 2201
 10 3880
 11 6097
 12 8516
 13 10510
 14 12015
 15 12009
 16 11511
 17 9723
 18 7677
 19 5541
 20 3681
 21 2256
 22 1299
 23 652
 24 299
 25 135
 26 66
 27 18
 28 6
 29 2
 30 4
 31 0
 32 0
 33 0
 34 0
 35 0
 36 0
 37 0
 38 0
 39 0
 40 0
 41 0
 42 0
 43 0
 44 0
 45 0
 46 0
 47 0
 48 0
 49 0
 50 0


