# Created by Octave 3.8.1, Thu Mar 26 15:48:49 2015 IST <shubham@shubh>
# name: y
# type: matrix
# rows: 1000
# columns: 1
 15
 15
 20
 20
 14
 16
 11
 19
 15
 19
 11
 18
 19
 13
 18
 14
 17
 18
 14
 16
 12
 17
 13
 14
 16
 7
 11
 18
 18
 18
 16
 15
 14
 16
 12
 17
 16
 17
 20
 17
 18
 17
 11
 17
 10
 14
 10
 11
 13
 12
 16
 16
 13
 15
 14
 11
 21
 17
 16
 17
 13
 14
 10
 19
 15
 12
 19
 13
 14
 18
 17
 12
 13
 17
 11
 20
 13
 13
 15
 14
 14
 19
 15
 11
 11
 15
 16
 12
 16
 18
 14
 12
 18
 19
 19
 18
 14
 16
 14
 14
 14
 17
 13
 16
 14
 15
 16
 15
 12
 18
 17
 21
 14
 14
 17
 15
 17
 15
 17
 12
 15
 12
 17
 8
 16
 6
 20
 18
 14
 20
 18
 15
 13
 20
 16
 19
 12
 15
 9
 18
 11
 16
 19
 12
 13
 16
 19
 20
 11
 14
 16
 16
 16
 12
 17
 25
 16
 10
 14
 16
 19
 14
 16
 16
 20
 14
 18
 16
 18
 15
 14
 18
 18
 18
 16
 19
 11
 17
 14
 16
 21
 12
 15
 11
 15
 11
 13
 15
 15
 14
 12
 18
 13
 15
 17
 22
 15
 20
 21
 11
 18
 12
 17
 17
 18
 17
 16
 13
 19
 14
 21
 17
 17
 13
 13
 18
 15
 18
 20
 18
 14
 13
 17
 19
 13
 15
 14
 12
 12
 11
 13
 14
 13
 18
 15
 12
 11
 13
 25
 17
 16
 11
 12
 6
 17
 13
 18
 17
 15
 16
 20
 17
 13
 4
 13
 14
 12
 17
 14
 15
 16
 15
 11
 13
 14
 18
 14
 13
 21
 16
 17
 21
 11
 11
 13
 12
 15
 16
 14
 14
 20
 9
 14
 12
 19
 16
 17
 13
 16
 14
 16
 16
 21
 15
 15
 12
 17
 18
 13
 17
 15
 14
 14
 14
 8
 14
 17
 17
 14
 18
 16
 14
 17
 13
 18
 15
 14
 15
 15
 17
 20
 18
 15
 14
 18
 16
 15
 14
 16
 14
 18
 14
 17
 25
 16
 10
 17
 16
 15
 18
 17
 15
 14
 13
 11
 16
 17
 14
 13
 13
 19
 13
 18
 17
 16
 17
 17
 14
 17
 15
 16
 18
 13
 19
 21
 17
 19
 17
 18
 12
 23
 11
 15
 17
 16
 18
 16
 13
 14
 19
 16
 12
 22
 13
 15
 13
 14
 14
 17
 18
 15
 17
 13
 18
 12
 16
 14
 15
 18
 16
 10
 20
 14
 18
 13
 20
 9
 20
 19
 14
 18
 18
 17
 13
 19
 18
 16
 12
 12
 13
 13
 16
 16
 22
 13
 12
 21
 11
 18
 19
 15
 13
 16
 15
 18
 9
 11
 18
 14
 19
 15
 15
 17
 22
 13
 11
 24
 14
 13
 15
 17
 16
 18
 15
 15
 8
 12
 11
 18
 20
 18
 20
 13
 20
 17
 11
 13
 12
 16
 13
 14
 17
 21
 18
 10
 13
 11
 17
 11
 13
 17
 15
 18
 18
 20
 11
 12
 13
 20
 10
 14
 14
 17
 15
 19
 9
 12
 13
 18
 20
 14
 17
 20
 16
 22
 12
 21
 19
 15
 19
 10
 13
 11
 16
 12
 15
 14
 20
 19
 14
 10
 14
 12
 16
 10
 12
 18
 19
 13
 16
 16
 20
 16
 16
 10
 18
 18
 15
 12
 16
 20
 16
 12
 14
 16
 18
 14
 18
 13
 18
 16
 19
 19
 21
 20
 22
 17
 15
 16
 9
 19
 14
 11
 14
 8
 14
 18
 13
 20
 15
 15
 16
 16
 15
 13
 17
 16
 14
 19
 14
 13
 14
 15
 12
 17
 12
 7
 16
 13
 15
 18
 23
 8
 14
 10
 18
 17
 23
 23
 13
 16
 13
 16
 17
 14
 12
 11
 15
 13
 14
 15
 12
 17
 16
 17
 16
 11
 17
 19
 21
 16
 11
 15
 21
 13
 11
 17
 14
 18
 18
 14
 11
 16
 12
 13
 15
 14
 19
 14
 11
 15
 13
 16
 14
 14
 11
 16
 22
 18
 14
 14
 18
 12
 18
 16
 15
 20
 17
 11
 25
 16
 14
 16
 20
 17
 16
 13
 22
 11
 20
 13
 18
 17
 17
 13
 22
 17
 19
 19
 17
 14
 15
 13
 8
 14
 13
 17
 16
 14
 16
 14
 11
 11
 15
 15
 12
 11
 14
 22
 15
 10
 15
 12
 14
 14
 16
 15
 15
 15
 15
 14
 16
 12
 5
 16
 16
 17
 14
 19
 10
 13
 14
 17
 15
 16
 19
 13
 15
 16
 18
 16
 16
 10
 14
 19
 9
 13
 17
 17
 21
 7
 15
 14
 19
 17
 12
 16
 14
 10
 22
 11
 11
 12
 17
 14
 18
 15
 16
 20
 13
 16
 18
 14
 15
 22
 16
 19
 14
 16
 19
 16
 7
 12
 20
 17
 14
 13
 12
 17
 13
 13
 15
 12
 8
 17
 14
 14
 13
 13
 17
 12
 18
 19
 17
 7
 19
 18
 11
 13
 8
 16
 25
 17
 16
 16
 23
 13
 17
 21
 10
 12
 15
 17
 15
 10
 11
 20
 16
 11
 14
 23
 15
 9
 18
 16
 20
 12
 14
 18
 15
 11
 18
 16
 16
 26
 18
 9
 18
 13
 14
 15
 16
 14
 11
 15
 15
 17
 14
 18
 9
 13
 12
 14
 14
 10
 15
 10
 15
 8
 16
 11
 14
 18
 18
 15
 17
 17
 11
 13
 12
 12
 12
 11
 16
 12
 16
 9
 14
 11
 14
 13
 16
 16
 11
 13
 14
 18
 16
 15
 20
 17
 14
 12
 18
 15
 8
 15
 13
 17
 16
 15
 15
 19
 17
 9
 18
 15
 8
 10
 15
 14
 18
 23
 17
 16
 13
 18
 17
 20
 14
 16
 18
 18
 15
 15
 13
 10
 19
 10
 13
 17
 15
 16
 19
 13
 16
 15
 18
 13
 16
 14
 18
 18
 18
 19
 15
 9
 14
 12
 16
 11
 15
 16
 11
 12
 9
 13
 17
 15
 16
 16
 16
 13
 20
 15
 13
 17
 16
 15
 17
 22
 13
 18
 18
 21
 16
 16
 12
 12
 19
 16
 17
 18
 13
 22
 13
 9
 10
 17
 15
 11
 14
 15
 14
 11
 15
 17
 16
 18
 14


