# Created by Octave 3.8.1, Thu Mar 26 14:44:29 2015 IST <shubham@shubh>
# name: x
# type: matrix
# rows: 51
# columns: 2
 0 0
 1 0
 2 6
 3 21
 4 147
 5 563
 6 1786
 7 4818
 8 10973
 9 21934
 10 38305
 11 59643
 12 84137
 13 105062
 14 118701
 15 122643
 16 114710
 17 98245
 18 77439
 19 55601
 20 37352
 21 22813
 22 12794
 23 6675
 24 3241
 25 1457
 26 587
 27 222
 28 93
 29 22
 30 7
 31 1
 32 0
 33 1
 34 1
 35 0
 36 0
 37 0
 38 0
 39 0
 40 0
 41 0
 42 0
 43 0
 44 0
 45 0
 46 0
 47 0
 48 0
 49 0
 50 0


