# Created by Octave 3.8.1, Thu Mar 26 15:18:09 2015 IST <shubham@shubh>
# name: y
# type: matrix
# rows: 10000
# columns: 1
 21
 16
 11
 7
 20
 19
 19
 13
 10
 15
 14
 17
 15
 19
 15
 19
 20
 19
 15
 18
 12
 9
 22
 14
 14
 17
 21
 15
 17
 19
 18
 11
 12
 14
 17
 14
 13
 17
 19
 16
 14
 15
 16
 17
 16
 17
 12
 9
 11
 19
 15
 22
 15
 14
 22
 18
 14
 15
 16
 17
 13
 14
 16
 18
 8
 14
 24
 18
 17
 18
 14
 15
 15
 10
 12
 12
 11
 12
 13
 17
 16
 17
 18
 14
 18
 18
 15
 22
 12
 11
 16
 10
 15
 19
 18
 15
 14
 6
 17
 11
 22
 15
 11
 18
 11
 12
 16
 12
 13
 15
 16
 12
 15
 16
 12
 12
 17
 13
 12
 17
 13
 22
 21
 17
 18
 11
 15
 15
 15
 15
 17
 17
 22
 14
 10
 13
 21
 16
 10
 14
 16
 13
 13
 13
 16
 12
 13
 12
 17
 17
 19
 11
 12
 13
 19
 14
 13
 11
 13
 20
 17
 15
 18
 14
 18
 17
 19
 21
 14
 16
 23
 18
 13
 15
 12
 16
 20
 10
 14
 13
 10
 14
 12
 14
 12
 17
 13
 17
 14
 12
 19
 13
 16
 14
 13
 17
 17
 20
 13
 15
 20
 20
 13
 16
 18
 19
 16
 13
 15
 17
 17
 12
 11
 16
 14
 15
 14
 19
 14
 16
 12
 15
 17
 17
 13
 18
 17
 22
 15
 19
 16
 15
 11
 17
 14
 14
 12
 11
 16
 14
 20
 17
 15
 15
 15
 12
 11
 18
 19
 17
 11
 11
 15
 16
 12
 19
 19
 11
 17
 14
 15
 19
 12
 12
 12
 16
 18
 11
 14
 18
 10
 9
 12
 20
 18
 13
 12
 13
 18
 15
 13
 10
 14
 14
 14
 12
 22
 13
 15
 13
 10
 15
 16
 18
 17
 15
 18
 12
 17
 16
 15
 15
 11
 16
 15
 16
 12
 19
 12
 9
 12
 10
 17
 15
 13
 13
 14
 17
 20
 14
 17
 12
 17
 14
 10
 15
 17
 12
 21
 15
 13
 12
 11
 9
 12
 15
 14
 20
 16
 18
 17
 15
 16
 19
 22
 14
 15
 22
 13
 16
 11
 16
 16
 15
 11
 18
 13
 16
 11
 13
 15
 12
 25
 16
 19
 16
 12
 15
 11
 16
 14
 17
 13
 10
 14
 17
 15
 17
 15
 17
 16
 13
 14
 14
 12
 11
 20
 15
 13
 16
 17
 10
 12
 23
 15
 17
 21
 13
 12
 19
 18
 15
 18
 16
 15
 11
 15
 10
 9
 20
 16
 14
 16
 11
 14
 18
 17
 10
 19
 17
 10
 13
 11
 14
 12
 22
 15
 8
 15
 23
 16
 16
 14
 13
 15
 13
 16
 8
 16
 17
 20
 16
 18
 14
 15
 12
 20
 18
 10
 18
 17
 14
 15
 9
 13
 8
 12
 21
 15
 14
 21
 14
 12
 20
 15
 10
 16
 17
 13
 19
 19
 14
 15
 9
 9
 17
 19
 14
 15
 15
 14
 16
 14
 21
 14
 27
 11
 18
 17
 14
 12
 16
 15
 19
 13
 16
 17
 12
 14
 22
 12
 16
 13
 18
 13
 17
 24
 15
 10
 15
 16
 13
 16
 12
 15
 24
 13
 12
 14
 19
 10
 16
 21
 12
 15
 17
 14
 14
 18
 12
 11
 12
 12
 15
 13
 17
 16
 19
 11
 14
 14
 13
 9
 16
 18
 18
 12
 12
 21
 15
 17
 8
 10
 15
 16
 18
 20
 12
 14
 22
 16
 17
 16
 15
 19
 15
 16
 17
 18
 12
 16
 14
 7
 20
 13
 17
 17
 11
 14
 12
 16
 13
 15
 16
 22
 18
 16
 13
 18
 12
 19
 15
 18
 18
 14
 11
 16
 20
 18
 10
 13
 13
 14
 17
 13
 23
 10
 16
 14
 12
 13
 13
 14
 15
 16
 9
 14
 16
 11
 13
 11
 21
 19
 11
 15
 19
 17
 15
 18
 19
 19
 13
 10
 8
 17
 16
 13
 18
 17
 8
 15
 17
 11
 14
 15
 18
 10
 15
 17
 16
 11
 15
 17
 9
 14
 12
 12
 18
 16
 15
 14
 17
 18
 15
 15
 12
 14
 17
 17
 16
 15
 13
 15
 17
 17
 11
 12
 15
 9
 11
 15
 14
 16
 8
 12
 13
 14
 17
 18
 14
 23
 14
 11
 13
 14
 6
 16
 16
 12
 15
 13
 15
 12
 20
 13
 14
 17
 11
 13
 17
 16
 23
 17
 12
 17
 13
 18
 10
 14
 21
 12
 13
 12
 11
 20
 18
 17
 17
 15
 20
 14
 17
 18
 12
 11
 11
 15
 16
 13
 16
 18
 17
 15
 19
 12
 12
 16
 16
 10
 17
 18
 12
 8
 17
 10
 18
 12
 15
 9
 15
 8
 15
 20
 19
 14
 24
 19
 15
 20
 16
 15
 13
 18
 14
 15
 11
 13
 13
 15
 15
 17
 17
 21
 13
 20
 17
 15
 16
 18
 16
 18
 16
 15
 19
 12
 14
 17
 21
 16
 18
 13
 18
 13
 18
 19
 16
 20
 20
 19
 18
 15
 15
 17
 18
 15
 12
 16
 19
 14
 12
 14
 17
 19
 10
 16
 12
 14
 15
 17
 17
 12
 15
 10
 20
 13
 13
 18
 17
 13
 18
 18
 11
 18
 19
 15
 13
 12
 20
 14
 15
 14
 16
 19
 18
 13
 24
 14
 15
 19
 21
 15
 12
 13
 12
 14
 8
 14
 12
 13
 19
 14
 20
 20
 13
 10
 12
 16
 19
 14
 12
 11
 13
 15
 18
 13
 16
 11
 15
 14
 16
 14
 12
 11
 21
 20
 12
 19
 13
 18
 14
 17
 20
 15
 7
 12
 17
 12
 14
 18
 11
 16
 15
 15
 13
 16
 13
 19
 10
 14
 10
 12
 15
 14
 12
 19
 9
 13
 17
 20
 18
 20
 19
 11
 10
 15
 5
 14
 8
 18
 13
 11
 17
 16
 18
 7
 17
 14
 12
 15
 13
 9
 12
 18
 17
 16
 15
 14
 5
 13
 12
 19
 14
 19
 18
 21
 14
 19
 14
 16
 16
 13
 16
 17
 18
 15
 13
 18
 12
 14
 15
 15
 14
 10
 8
 14
 8
 17
 13
 14
 11
 17
 16
 21
 11
 13
 17
 17
 13
 12
 15
 24
 17
 15
 22
 11
 10
 13
 16
 9
 18
 12
 15
 9
 18
 17
 14
 13
 12
 16
 16
 11
 14
 17
 13
 19
 8
 14
 14
 16
 13
 14
 12
 20
 14
 14
 15
 15
 18
 16
 12
 20
 11
 17
 16
 12
 13
 9
 14
 15
 12
 11
 15
 13
 14
 19
 20
 17
 15
 9
 19
 13
 19
 18
 13
 15
 16
 13
 23
 18
 14
 12
 19
 19
 16
 16
 15
 14
 15
 17
 11
 20
 18
 17
 20
 15
 12
 14
 16
 18
 19
 12
 13
 21
 14
 17
 11
 12
 19
 17
 18
 14
 14
 11
 13
 9
 16
 12
 14
 18
 15
 13
 16
 12
 18
 17
 16
 12
 11
 20
 13
 12
 10
 15
 21
 14
 17
 14
 9
 17
 17
 10
 10
 11
 14
 17
 17
 10
 12
 15
 19
 19
 13
 11
 12
 14
 14
 12
 20
 16
 12
 16
 19
 17
 13
 11
 16
 24
 13
 20
 16
 15
 19
 17
 14
 20
 17
 14
 12
 13
 14
 18
 19
 12
 19
 12
 9
 16
 15
 21
 20
 16
 18
 12
 10
 16
 19
 19
 14
 16
 10
 16
 19
 14
 18
 12
 20
 22
 18
 11
 16
 14
 16
 12
 18
 17
 16
 17
 13
 15
 15
 20
 16
 12
 15
 14
 14
 16
 9
 14
 14
 16
 21
 15
 14
 10
 21
 16
 14
 13
 17
 12
 15
 14
 17
 13
 15
 22
 12
 19
 21
 14
 13
 15
 13
 24
 18
 17
 18
 18
 15
 14
 12
 15
 17
 15
 14
 12
 15
 17
 11
 17
 11
 15
 15
 7
 13
 18
 21
 19
 10
 10
 16
 18
 10
 17
 15
 14
 18
 18
 17
 11
 13
 21
 17
 7
 16
 12
 19
 15
 15
 13
 12
 16
 15
 15
 17
 12
 10
 12
 14
 10
 9
 15
 14
 13
 14
 12
 22
 16
 20
 18
 15
 11
 11
 15
 18
 16
 15
 17
 15
 15
 17
 14
 21
 12
 18
 13
 16
 14
 6
 10
 20
 15
 14
 11
 13
 13
 21
 19
 13
 16
 14
 11
 9
 19
 20
 11
 11
 12
 10
 17
 15
 13
 18
 12
 17
 15
 20
 16
 13
 11
 16
 23
 16
 17
 16
 19
 12
 13
 10
 17
 20
 18
 17
 17
 16
 21
 13
 14
 12
 11
 21
 19
 15
 20
 9
 12
 21
 11
 15
 13
 15
 9
 14
 23
 19
 10
 15
 18
 19
 13
 15
 10
 21
 9
 16
 11
 19
 13
 14
 13
 9
 18
 12
 18
 12
 15
 11
 17
 18
 20
 15
 17
 10
 9
 18
 17
 15
 14
 16
 15
 12
 10
 12
 16
 17
 18
 11
 19
 12
 11
 18
 16
 9
 13
 15
 16
 16
 21
 9
 17
 18
 13
 13
 11
 18
 12
 12
 12
 16
 16
 10
 12
 14
 12
 13
 18
 14
 16
 14
 13
 16
 17
 14
 11
 10
 17
 11
 17
 19
 13
 16
 14
 12
 15
 14
 12
 22
 16
 15
 13
 15
 18
 17
 19
 13
 14
 12
 20
 15
 16
 13
 14
 13
 11
 20
 19
 14
 22
 14
 20
 14
 20
 18
 18
 16
 12
 11
 13
 15
 15
 14
 15
 16
 12
 13
 20
 17
 15
 18
 15
 18
 15
 18
 14
 15
 14
 11
 12
 16
 23
 12
 18
 9
 16
 14
 14
 16
 12
 21
 15
 13
 16
 21
 20
 14
 17
 16
 7
 14
 16
 21
 14
 17
 11
 18
 13
 19
 18
 16
 17
 10
 20
 11
 19
 20
 16
 20
 17
 16
 15
 8
 12
 17
 14
 17
 15
 20
 15
 16
 24
 11
 16
 16
 17
 14
 14
 16
 11
 18
 13
 21
 12
 15
 15
 18
 12
 19
 10
 17
 6
 12
 15
 21
 18
 16
 16
 10
 16
 16
 19
 13
 17
 18
 16
 14
 19
 14
 13
 19
 17
 14
 11
 19
 9
 15
 17
 21
 12
 20
 15
 15
 17
 15
 13
 12
 12
 18
 15
 17
 15
 12
 13
 13
 12
 13
 11
 13
 12
 14
 17
 12
 16
 11
 18
 21
 12
 17
 14
 16
 16
 15
 9
 10
 14
 15
 12
 14
 12
 17
 14
 16
 21
 12
 16
 13
 15
 11
 16
 13
 13
 12
 18
 17
 19
 13
 17
 13
 8
 16
 13
 14
 19
 14
 16
 18
 16
 12
 19
 11
 14
 15
 22
 17
 19
 18
 14
 15
 17
 13
 11
 17
 11
 14
 17
 12
 12
 15
 18
 18
 12
 20
 9
 22
 10
 11
 18
 13
 20
 13
 15
 16
 16
 17
 16
 16
 17
 10
 20
 15
 13
 18
 17
 11
 13
 18
 12
 10
 15
 16
 12
 14
 18
 12
 18
 19
 16
 21
 15
 23
 12
 19
 19
 24
 13
 16
 17
 16
 10
 11
 14
 15
 17
 19
 15
 16
 16
 18
 18
 13
 8
 18
 18
 17
 12
 17
 17
 11
 18
 15
 9
 19
 13
 15
 16
 21
 18
 14
 13
 14
 17
 14
 17
 18
 11
 17
 14
 15
 14
 14
 15
 20
 19
 17
 15
 16
 21
 16
 13
 14
 16
 15
 14
 10
 21
 14
 17
 18
 19
 13
 12
 15
 14
 17
 14
 15
 12
 14
 17
 13
 11
 18
 16
 17
 16
 15
 12
 18
 16
 15
 13
 15
 15
 16
 18
 13
 15
 15
 19
 19
 17
 19
 15
 15
 14
 17
 16
 17
 8
 17
 14
 9
 19
 14
 13
 20
 20
 14
 19
 12
 14
 19
 12
 11
 14
 19
 17
 18
 16
 17
 15
 14
 18
 12
 15
 15
 12
 16
 12
 18
 19
 12
 10
 13
 9
 14
 14
 13
 14
 12
 15
 14
 22
 19
 10
 16
 23
 12
 14
 15
 16
 16
 12
 12
 19
 14
 13
 15
 17
 13
 15
 12
 13
 21
 15
 17
 18
 21
 15
 9
 11
 17
 19
 8
 14
 14
 16
 10
 12
 11
 17
 25
 20
 12
 16
 19
 13
 13
 16
 16
 15
 15
 18
 18
 16
 17
 15
 11
 18
 14
 14
 12
 14
 18
 14
 19
 12
