# Created by Octave 3.8.1, Thu Mar 26 15:09:47 2015 IST <shubham@shubh>
# name: y
# type: matrix
# rows: 1000
# columns: 1
 15
 13
 23
 13
 19
 18
 13
 12
 12
 18
 17
 12
 20
 16
 18
 13
 16
 11
 11
 15
 20
 18
 15
 15
 11
 14
 14
 16
 15
 22
 19
 13
 14
 15
 13
 15
 18
 15
 19
 15
 15
 19
 13
 12
 10
 12
 22
 19
 16
 13
 13
 15
 11
 14
 22
 21
 12
 15
 12
 19
 19
 19
 18
 17
 18
 17
 11
 16
 18
 13
 13
 15
 12
 15
 13
 15
 19
 12
 11
 16
 18
 20
 16
 10
 11
 14
 13
 14
 18
 11
 13
 20
 21
 16
 17
 18
 17
 17
 21
 18
 13
 15
 23
 19
 14
 16
 21
 13
 16
 16
 14
 23
 12
 12
 15
 15
 15
 14
 22
 17
 18
 17
 12
 17
 17
 16
 16
 11
 8
 15
 17
 10
 16
 10
 14
 22
 12
 13
 16
 16
 14
 12
 14
 21
 16
 17
 19
 14
 11
 19
 11
 13
 20
 16
 23
 11
 15
 9
 16
 19
 18
 14
 14
 19
 14
 9
 19
 14
 12
 19
 18
 15
 13
 16
 15
 17
 19
 15
 11
 17
 16
 14
 21
 14
 18
 19
 9
 9
 15
 17
 13
 17
 15
 12
 13
 14
 16
 18
 12
 10
 13
 16
 12
 18
 13
 11
 15
 17
 12
 18
 16
 13
 10
 17
 13
 14
 15
 8
 12
 15
 13
 18
 12
 16
 17
 18
 18
 13
 14
 21
 14
 19
 13
 13
 14
 16
 12
 13
 18
 17
 21
 17
 15
 14
 21
 13
 13
 15
 20
 17
 14
 12
 12
 11
 12
 16
 12
 19
 16
 10
 16
 17
 14
 13
 12
 20
 17
 8
 15
 17
 19
 18
 15
 15
 13
 16
 12
 19
 17
 14
 13
 14
 9
 14
 16
 19
 10
 15
 14
 13
 15
 12
 18
 10
 19
 17
 11
 18
 16
 14
 8
 18
 13
 15
 16
 12
 10
 17
 13
 15
 13
 15
 20
 19
 14
 15
 15
 9
 10
 12
 17
 19
 13
 13
 13
 18
 16
 14
 14
 22
 16
 19
 14
 19
 16
 15
 18
 18
 12
 17
 15
 12
 18
 15
 15
 12
 13
 18
 20
 12
 14
 13
 15
 8
 19
 16
 16
 14
 16
 13
 9
 14
 17
 12
 8
 19
 19
 20
 19
 12
 12
 14
 11
 9
 14
 19
 16
 11
 15
 16
 7
 20
 18
 12
 11
 8
 12
 20
 15
 15
 11
 18
 13
 16
 16
 15
 19
 11
 12
 16
 14
 13
 13
 15
 15
 17
 17
 16
 14
 14
 16
 18
 15
 13
 12
 20
 13
 15
 15
 12
 13
 15
 18
 16
 13
 19
 17
 13
 13
 18
 12
 15
 17
 20
 12
 15
 10
 16
 14
 16
 15
 12
 18
 21
 18
 16
 15
 15
 10
 16
 15
 17
 19
 15
 19
 12
 13
 15
 17
 15
 22
 10
 19
 16
 11
 19
 21
 13
 14
 18
 20
 13
 13
 9
 12
 12
 11
 14
 13
 9
 15
 11
 14
 9
 14
 17
 16
 15
 10
 17
 14
 16
 16
 17
 12
 9
 21
 12
 12
 14
 15
 16
 16
 10
 9
 15
 11
 18
 9
 13
 14
 14
 9
 16
 12
 16
 13
 12
 19
 15
 16
 17
 13
 15
 20
 21
 13
 15
 13
 13
 14
 12
 12
 10
 15
 13
 11
 14
 12
 18
 10
 14
 16
 11
 19
 13
 13
 17
 15
 11
 17
 16
 10
 16
 16
 15
 15
 19
 12
 18
 13
 14
 12
 9
 12
 18
 13
 15
 22
 14
 13
 15
 12
 12
 17
 16
 13
 16
 22
 23
 10
 11
 11
 20
 18
 17
 17
 12
 9
 19
 15
 16
 21
 13
 19
 10
 15
 11
 11
 22
 17
 15
 13
 8
 15
 18
 14
 14
 13
 20
 10
 13
 15
 19
 16
 7
 15
 23
 15
 15
 18
 18
 17
 15
 14
 20
 13
 9
 14
 17
 19
 12
 17
 17
 10
 17
 18
 13
 17
 20
 15
 18
 9
 9
 14
 12
 14
 14
 14
 16
 12
 15
 12
 14
 12
 10
 15
 13
 16
 13
 14
 20
 15
 15
 17
 15
 14
 17
 16
 15
 9
 20
 16
 11
 10
 17
 17
 15
 16
 16
 12
 16
 13
 22
 10
 9
 19
 17
 18
 16
 15
 17
 9
 17
 10
 19
 8
 13
 14
 12
 16
 21
 12
 22
 16
 16
 16
 6
 15
 15
 13
 15
 17
 19
 13
 11
 14
 19
 11
 17
 18
 15
 13
 15
 15
 11
 11
 22
 17
 14
 18
 13
 11
 15
 8
 19
 12
 11
 19
 19
 15
 11
 12
 14
 17
 12
 13
 15
 16
 15
 17
 11
 19
 20
 12
 10
 15
 17
 14
 14
 8
 14
 18
 13
 16
 14
 16
 17
 17
 15
 17
 11
 16
 13
 15
 15
 16
 14
 11
 14
 16
 12
 14
 19
 19
 16
 19
 14
 11
 10
 8
 15
 7
 21
 17
 17
 11
 18
 13
 21
 11
 19
 13
 16
 11
 19
 10
 16
 10
 16
 10
 22
 11
 13
 20
 13
 11
 15
 12
 14
 13
 14
 14
 12
 13
 14
 20
 22
 12
 18
 16
 12
 16
 18
 11
 17
 10
 16
 9
 16
 19
 13
 21
 18
 17
 16
 14
 18
 20
 11
 17
 22
 20
 17
 15
 14
 14
 16
 12
 21
 15
 19
 16
 16
 13
 12
 11
 19
 15
 11
 13
 15
 12
 15
 16
 17
 17
 16
 17
 17
 20
 18
 14
 18
 14
 16
 14
 21
 15
 19
 16
 12
 15
 15
 10
 13
 20
 9
 11
 16
 15
 19
 17
 13
 11
 11
 13
 21
 19
 14
 13
 17
 17
 15
 14
 22
 18
 10
 14
 13
 12
 16
 20
 26
 6
 16
 12
 16
 21
 16
 16
 14
 17
 14
 19
 16
 19
 18
 19
 13
 16
 12
 20
 13
 18
 15
 13
 21
 19
 13
 20
 21
 18
 16
 12
 15
 15
 16
 19
 13
 14
 24
 17
 17
 11
 10
 20
 14
 17
 18
 13
 13
 15
 11
 16
 12
 19
 15
 21
 14
 17
 14
 12
 18
 14
 9
 10
 14
 21
 17
 18
 18
 12
 11
 14
 13
 18
 9
 16
 17


