# Created by Octave 3.8.1, Wed Mar 25 23:51:44 2015 IST <shubham@shubh>
# name: x
# type: matrix
# rows: 51
# columns: 2
 0 0
 1 0
 2 0
 3 0
 4 1
 5 8
 6 20
 7 48
 8 110
 9 215
 10 383
 11 600
 12 854
 13 1084
 14 1209
 15 1227
 16 1125
 17 988
 18 766
 19 550
 20 331
 21 253
 22 109
 23 69
 24 30
 25 10
 26 7
 27 2
 28 0
 29 1
 30 0
 31 0
 32 0
 33 0
 34 0
 35 0
 36 0
 37 0
 38 0
 39 0
 40 0
 41 0
 42 0
 43 0
 44 0
 45 0
 46 0
 47 0
 48 0
 49 0
 50 0


